1014177
1041108
1054394
1004926
1016693
1231453
1051287
1119739
1381385
1381384
1188137
1381382
1381381
1248111
1362256
1362257
1362973
1355797
1337891
1362975
1362970
1362972
1362971
1362974
1365182
1364077
1364078
1412193
1010627
1048150
1041188
1007076
1036551
1117661
1048204
1066678
1049751
1156925
1002787
1018325
1164913
1018302
1032241
1002664
1040500
1048146
1000055
1036302
1257926
1248294
1022588
1316486
1331786
1341318
1105399
1002671
1341214
1350890
1350891
1350892
1350893
1350894
1350897
1350895
1350896
1350898
1350899
1354514
1364916
1326044
1364917
1364918
1364919
1353450
1364920
1054524
1041029
1101703
1012520
1049489
1027181
1274222
1047992
1019024
1006955
1007023
1054509
1002713
1380334
1380336
1380343
1049943
1337996
1343095
1132216
1074296
1380350
1380352
1366207
1328429
1025060
1277051
1292171
1049508
1000045
1031216
1013800
1031909
1007022
1071327
1148033
1041120
1040996
1054404
1276097
1025134
1276100
1013932
1276101
1276102
1025061
1108861
1312280
1312283
1048343
1311428
1036450
1009535
1000389
1018022
1049585
1053569
1388948
1002680
1004668
1293142
1065267
1388950
1005778
1022803
1358669
1350746
1348616
1348618
1388951
1353055
1057987
1016698
1131524
1388949
1088278
1031903
1031867
1004751
1049546
1055414
1054959
1013868
1031890
1014032
1000182
1276020
1276021
1276022
1276023
1276024
1276025
1276026
1276027
1023036
1276028
1022965
1238165
1036534
1390240
1233459
1390241
1390242
1390243
1390244
1266903
1327187
1248195
1258662
1054421
1018759
1274507
1058399
1051317
1032301
1031931
1311330
1009868
1335891
1307426
1321336
1374335
1374336
1374337
1374338
1191389
1374339
1374340
1374341
1374342
1374343
1374344
1048409
1025291
1022984
1076587
1037652
1033499
1123754
1120981
1063328
1153631
1016809
1156580
1145059
1108403
1038099
1132900
1115981
1099882
1001022
1364973
1124250
1087420
1364974
1065548
1364975
1121561
1061286
1096301
1115316
1100966
1289170
1012812
1042429
1015257
1036950
1042820
1016891
1006028
1029580
1107157
1175171
1048603
1017083
1041004
1000375
1000368
1082051
1278654
1002839
1036601
1060607
1125178
1283951
1352558
1352559
1352560
1352579
1035248
1066720
1375179
1375181
1375180
1098805
1115749
1128312
1147135
1337751
1152853
1047318
1056773
1055265
1054451
1009272
1049801
1004572
1157313
1027158
1132719
1004880
1297909
1342039
1040622
1053554
1008521
1011748
1038090
1020104
1102698
1009186
1002361
1034285
1160620
1008256
1035615
1038087
1158177
1225456
1026723
1380101
1421361
1086613
1052881
1402132
1111311
1426165
1419647
1419446
1014925
1039597
1019299
1017047
1399748
1321468
1404543
1401452
1022523
1028837
1112135
1274351
1035655
1018667
1274311
1328056
1129062
1151079
1191334
1048583
1042693
1320004
1313851
1340281
1014853
1049929
1041081
1036321
1010671
1032252
1164001
1076902
1117641
1093594
1070171
1071044
1050058
1104978
1016726
1131691
1164360
1158682
1156944
1149140
1134909
1058497
1120544
1054339
1056325
1072992
1100419
1017048
1139915
1145133
1142292
1158266
1156589
1005247
1012581
1018741
1223702
1045940
1320995
1323514
1322234
1041631
1038928
1032754
1027877
1054452
1054434
1013855
1055549
1004671
1010753
1315452
1127040
1126956
1000382
1041373
1122811
1104646
1154026
1108772
1277249
1040687
1106558
1206098
1054891
1286338
1037214
1018983
1025176
1010659
1027407
1161241
1009391
1156985
1426475
1155601
1028430
1075724
1073833
1426476
1088005
1361676
1099619
1123046
1129403
1296266
1041819
1323553
1087425
1274431
1048026
1016771
1108968
1046343
1018248
1320946
1316227
1041734
1315575
1054444
1103688
1054405
1002692
1000010
1025151
1053566
1036398
1009397
1045116
1022630
1009445
1014063
1307841
1285548
1009295
1275039
1275084
1331041
1328828
1344049
1344048
1344047
1120483
1324037
1017907
1036448
1018002
1009233
1031855
1009334
1125111
1000065
1019056
1114886
1355373
1013807
1027546
1018090
1140387
1055202
1049627
1334839
1009620
1359015
1382978
1381401
1362446
1365893
1382979
1382982
1106152
1365489
1185863
1307788
1274383
1205572
1382983
1318981
1285579
1049997
1325862
1009409
1045238
1342203
1371851
1384768
1384769
1356660
1384766
1384656
1384767
1316862
1282456
1319060
1375580
1314759
1322554
1331561
1326253
1331562
1022741
1054443
1009285
1009288
1025147
1000001
1019027
1060757
1123512
1098551
1098942
1097353
1007152
1274231
1166896
1000526
1301324
1313092
1019621
1274304
1274331
1005297
1028828
1050179
1050946
1274420
1022821
1315034
1301215
1274445
1315440
1054419
1013776
1053568
1054445
1022612
1048142
1040749
1000421
1157578
1075833
1136739
1143122
1048184
1155404
1365442
1104991
1099345
1048379
1071842
1152820
1007059
1032341
1040832
1055368
1140760
1072645
1028067
1010582
1068486
1019050
1016946
1086703
1057303
1096585
1082901
1055399
1121067
1060675
1087215
1074468
1006594
1002780
1078968
1402063
1149550
1000050
1072987
1045103
1054399
1096911
1098092
1046213
1097696
1018120
1023200
1119021
1032249
1115819
1146979
1138518
1140547
1155514
1040511
1048027
1000225
1267954
1022593
1036407
1027824
1049518
1201851
1113911
1010536
1313709
1330971
1344601
1004844
1202795
1338863
1274631
1045604
1018020
1000231
1055380
1344602
1344603
1005773
1006957
1053577
1027775
1010507
1054534
1170513
1380354
1036774
1036424
1002670
1071529
1002696
1160597
1115213
1014113
1123391
1014079
1380355
1036802
1380356
1380357
1040509
1001081
1036360
1137343
1194163
1380358
1036549
1380359
1076665
1165442
1166703
1023601
1012646
1313566
1360631
1330807
1389339
1389340
1347588
1360158
1168014
1385993
1389343
1389341
1389342
1389344
1036409
1003484
1053624
1012517
1031902
1004581
1031862
1027154
1025153
1013798
1049488
1054514
1000086
1031872
1054530
1040543
1019110
1004962
1013882
1049554
1031876
1025182
1054454
1056660
1036675
1093377
1032333
1375490
1141202
1000208
1125954
1108075
1079019
1150640
1009545
1274265
1274274
1274276
1313010
1274242
1274297
1310743
1351481
1317139
1040673
1313116
1053587
1041002
1327829
1040635
1351064
1327005
1049625
1272303
1333550
1317680
1274552
1327086
1331549
1007104
1362142
1329996
1319362
1353024
1253645
1330289
1345266
1333556
1394212
1232609
1333553
1333554
1366874
1333548
1048188
1025262
1333551
1333558
1347589
1333552
1368245
1230026
1019002
1012532
1048153
1009265
1000091
1016680
1040991
1036509
1045000
1087098
1041116
1050066
1315097
1315098
1054409
1040516
1319340
1208367
1054440
1025137
1017886
1139130
1004718
1010510
1031849
1004647
1000083
1036570
1350033
1004946
1091161
1165317
1313424
1098756
1010752
1280923
1031219
1002848
1121531
1028804
1028499
1315602
1410865
1047989
1025149
1218749
1054427
1025422
1000663
1203033
1151028
1171700
1321473
1018182
1159480
1027553
1028004
1045110
1004587
1414295
1106979
1126158
1054424
1115918
1050076
1002862
1023284
1050335
1041510
1050329
1051136
1324808
1259007
1227436
1258317
1054221
1025143
1054533
1054929
1032145
1150470
1344122
1028002
1028098
1152469
1067061
1064383
1096449
1005313
1328390
1327806
1000248
1014239
1255571
1369068
1390198
1035648
1350528
1108378
1018158
1041298
1344523
1163626
1342065
1062919
1031238
1275333
1205984
1319427
1343344
1356030
1414462
1351364
1421141
1318607
1366649
1420959
1396461
1381796
1004679
1041125
1022598
1000054
1031922
1041201
1344084
1344085
1344086
1036426
1120529
1027626
1167546
1019138
1050215
1332821
1379595
1370757
1023271
1286730
1290597
1121368
1005064
1032915
1032989
1033533
1033202
1004171
1002476
1052012
1037679
1037878
1029037
1024976
1015203
1018899
1323583
1323576
1175825
1018934
1355906
1385350
1054024
1029376
1339921
1054425
1040505
1054393
1002675
1049491
1036322
1013791
1009239
1017934
1025224
1031868
1054912
1317101
1326279
1014996
1313408
1147911
1000222
1323409
1317023
1346114
1048223
1346113
1346112
1036798
1346111
1313381
1231742
1346110
1346109
1331636
1274178
1378733
1369570
1139826
1031827
1139744
1274537
1054512
1013764
1035639
1044905
1143727
1013900
1333618
1019053
1025390
1191398
1333619
1086542
1022678
1054450
1017911
1027139
1010558
1044706
1049486
1032275
1010711
1012588
1010506
1006997
1010604
1124117
1009640
1041266
1040829
1014025
1041036
1018116
1134730
1115336
1107018
1073158
1054226
1148325
1000293
1076164
1126380
1077412
1050163
1056182
1142582
1027976
1018507
1027799
1012609
1105692
1050916
1106495
1002795
1102921
1022571
1035643
1027821
1022600
1041135
1061235
1027892
1036616
1091477
1078994
1004705
1036475
1094333
1140598
1036879
1293854
1344082
1010094
1017965
1318110
1081059
1019273
1315784
1298880
1294516
1113296
1290113
1055932
1055454
1027355
1301118
1085367
1150453
1150620
1072217
1055325
1057822
1023745
1018030
1048002
1053584
1000015
1036484
1027488
1214609
1027632
1078237
1323602
1054426
1031221
1000150
1054408
1007036
1010509
1010646
1031751
1048129
1367347
1367346
1284418
1025210
1027814
1025298
1054439
1028671
1028681
1045811
1051523
1039379
1114237
1037668
1321530
1139561
1039007
1045925
1048796
1048764
1054529
1056027
1000844
1014668
1032411
1023321
1156385
1037962
1008093
1028033
1022708
1018243
1041671
1135906
1155593
1142298
1164458
1089570
1073107
1158750
1059863
1057631
1058110
1062670
1069355
1075864
1055079
1067961
1076233
1050187
1011203
1083600
1019705
1088153
1095737
1099544
1100335
1094316
1095571
1098947
1091232
1108494
1108589
1105277
1005782
1116241
1122484
1121488
1123406
1048569
1054289
1129734
1131219
1052255
1138469
1048593
1159438
1156992
1151658
1156623
1160460
1005339
1163962
1168457
1165402
1008245
1042556
1002835
1049621
1049821
1000160
1022873
1118885
1032107
1054260
1036541
1050314
1059360
1060088
1057975
1060811
1066208
1065774
1062802
1074404
1025414
1067966
1067401
1068131
1069358
1089721
1084544
1081070
1007204
1054492
1086306
1085424
1080113
1088172
1084601
1042166
1088292
1089116
1079580
1083132
1037369
1096987
1096107
1095720
1097917
1099270
1097446
1099682
1095030
1091930
1104065
1107012
1000629
1120086
1118241
1038123
1000575
1360629
1360693
1180010
1076838
1360696
1360630
1360694
1360695
1102761
1089817
1044746
1003494
1023573
1012563
1118167
1036905
1033223
1274229
1031220
1006956
1041165
1340765
1022626
1091349
1105743
1124528
1048415
1168322
1116758
1013732
1105461
1019382
1025582
1379738
1020128
1033543
1379740
1031175
1043679
1020749
1155760
1008229
1158783
1158006
1008414
1379741
1321134
1014865
1118042
1052457
1025401
1017986
1012531
1019052
1002702
1079481
1068427
1018023
1223892
1025215
1048023
1036390
1047979
1116943
1370059
1165173
1006993
1390623
1049693
1327055
1346468
1349856
1018122
1403250
1261407
1337106
1364244
1366881
1208333
1418489
1387248
1369047
1375367
1399593
1404969
1392758
1281306
1178414
1403279
1182859
1294383
1054334
1004683
1040621
1381870
1113688
1381871
1381875
1348619
1348615
1031987
1054456
1010543
1008069
1054448
1031865
1019055
1274495
1014478
1037363
1037221
1019576
1110160
1042056
1037865
1187780
1141865
1053579
1318719
1159106
1160198
1013016
1012784
1222942
1025561
1253742
1336871
1170118
1005177
1185637
1316660
1008549
1345900
1001776
1318730
1327730
1314766
1208805
1206802
1003523
1038560
1378768
1034028
1359863
1010508
1044871
1054453
1013850
1002708
1040518
1253468
1036506
1002822
1136388
1018140
1048199
1092956
1326339
1287632
1177737
1002893
1274690
1127819
1031194
1313356
1274292
1276096
1048476
1029271
1025526
1053570
1313660
1167299
1004746
1027151
1022661
1349669
1040517
1054721
1009422
1027942
1340785
1355108
1349106
1022721
1009241
1031873
1018984
1049551
1323643
1342079
1342078
1167539
1118329
1010600
1342077
1127866
1342075
1342074
1054975
1000059
1049984
1027275
1067991
1010765
1133075
1123253
1297989
1150808
1019042
1040524
1054395
1031818
1054520
1054410
1002683
1036320
1041027
1056393
1054441
1049629
1334507
1279475
1009284
1036511
1049594
1094578
1113996
1125247
1277324
1009383
1060394
1123092
1189091
1022665
1131185
1036459
1050372
1185516
1147054
1145258
1297669
1018287
1017903
1155436
1040994
1049573
1090960
1049790
1051291
1297921
1325970
1216537
1031866
1054467
1049682
1276783
1221458
1174553
1242595
1189529
1216494
1289847
1394738
1127967
1040564
1295714
1297191
1027953
1027079
1299006
1333600
1032680
1039491
1317027
1326902
1353736
1400417
1385176
1387821
1382218
1379519
1348190
1345522
1343515
1020522
1157709
1035702
1042997
1054358
1024606
1050874
1049298
1003704
1043070
1008626
1333919
1025850
1164375
1274300
1036978
1016866
1045151
1000555
1052303
1044880
1016673
1017973
1094293
1314689
1004566
1027854
1012519
1002725
1055726
1133746
1056139
1025327
1164372
1102808
1019061
1002730
1064097
1079311
1108851
1129218
1103517
1097065
1116537
1083598
1072924
1136857
1116920
1127204
1081367
1084635
1157000
1075446
1025148
1027179
1007028
1014074
1049484
1048187
1027320
1013804
1000910
1037933
1001778
1029136
1042607
1024427
1046352
1373303
1373304
1373305
1206526
1080463
1019960
1044973
1053553
1049928
1019130
1025357
1154507
1065775
1109298
1068895
1201328
1002926
1001734
1100594
1329750
1398211
1058840
1303286
1037483
1102174
1333868
1232010
1228640
1063816
1133582
1027853
1044899
1025426
1042434
1037662
1275451
1141665
1312869
1003493
1031223
1016669
1049612
1053572
1000215
1022622
1025200
1045050
1049600
1117677
1022795
1338840
1314843
1203077
1320516
1317431
1158386
1274755
1323060
1358604
1321576
1426240
1388760
1332623
1383541
1022620
1000147
1002673
1338326
1031836
1036393
1317678
1013865
1333641
1087341
1186069
1317914
1012521
1054417
1040989
1017896
1342808
1049571
1087137
1053504
1327702
1010583
1040565
1302972
1216652
1027315
1053585
1077991
1315690
1315239
1300386
1319210
1280673
1372793
1006354
1317428
1341755
1275416
1348259
1325166
1280579
1275482
1025185
1000184
1049722
1000342
1010616
1010716
1135067
1007199
1009414
1032367
1152203
1057318
1115510
1073525
1095574
1133507
1126821
1167780
1060375
1081026
1083834
1084063
1085768
1089152
1106298
1104271
1118750
1119654
1140145
1025193
1007009
1007019
1049604
1000230
1045054
1036954
1152402
1327065
1054398
1000905
1035641
1274290
1275893
1275894
1274306
1275895
1275896
1275897
1317039
1275898
1381581
1323034
1406034
1002774
1054435
1027247
1049523
1049697
1032175
1014346
1106360
1339367
1014357
1016759
1289839
1319978
1316165
1227387
1029108
1319104
1172138
1327294
1327943
1053561
1054528
1027163
1010639
1027380
1126155
1019092
1064035
1073554
1071026
1080903
1085117
1104610
1028656
1124225
1132114
1138787
1139262
1145683
1041166
1152185
1156528
1000304
1010548
1053560
1047972
1040985
1340596
1019009
1100849
1235113
1174320
1013874
1027122
1267671
1126976
1031994
1345796
1320855
1140622
1366809
1326818
1054455
1040506
1053623
1002681
1054348
1048119
1299128
1005434
1033268
1016877
1012687
1041790
1051329
1033163
1010452
1048479
1110135
1159772
1025951
1195267
1035726
1025748
1112966
1017176
1043413
1135861
1048917
1332424
1008508
1048775
1007426
1111572
1137188
1094252
1160685
1030335
1014894
1397279
1113834
1022328
1431451
1004095
1358844
1364351
1019752
1042686
1048857
1053574
1054274
1022563
1004571
1010708
1010577
1041104
1123921
1317100
1040683
1088482
1048421
1014989
1051741
1018954
1047386
1024906
1122015
1028676
1039419
1025847
1052625
1386647
1386648
1020941
1006697
1003951
1341489
1239648
1386650
1386651
1107182
1054438
1048024
1032144
1036358
1286985
1304069
1017930
1013760
1049501
1230973
1191385
1018035
1154263
1004604
1355374
1174485
1345304
1055750
1036676
1154840
1126053
1175204
1219567
1031240
1015271
1222610
1027353
1055924
1025152
1025133
1344447
1349024
1049487
1004702
1094717
1344446
1132652
1098775
1305071
1298053
1049700
1310576
1083989
1216410
1346238
1025156
1152315
1376627
1341573
1146264
1296700
1072348
1116594
1371800
1135157
1025246
1036420
1022603
1353032
1274999
1414859
1414860
1414861
1080736
1012636
1110585
1015521
1040947
1275907
1312755
1029247
1003869
1111102
1032064
1031222
1049857
1032369
1019102
1164847
1036687
1372817
1019896
1301414
1049461
1274724
1274810
1287953
1315687
1313470
1342105
1275044
1348063
1348064
1348077
1348110
1348111
1348112
1409698
1360910
1027971
1040799
1041512
1277558
1078332
1074920
1016903
1124544
1132142
1016941
1333188
1155427
1333189
1329077
1018402
1037098
1032540
1012751
1122837
1274268
1016847
1280127
1174312
1017966
1312964
1036449
1049677
1384643
1384609
1384610
1384608
1101684
1384607
1078248
1347724
1114861
1337955
1282187
1068046
1384611
1384612
1344854
1331388
1131992
1384606
1175270
1367269
1384615
1275191
1321489
1312902
1363322
1382387
1210871
1314163
1045964
1008191
1051745
1045190
1018014
1040997
1049499
1333949
1002775
1149250
1027843
1009520
1036371
1075587
1000075
1040542
1041020
1036317
1027205
1013834
1017893
1031993
1088351
1049745
1342973
1363771
1285462
1292048
1138895
1357263
1057566
1328453
1121562
1274365
1037386
1163496
1365767
1287056
1380708
1404245
1081479
1000003
1025230
1149095
1106960
1049898
1027890
1031807
1050308
1368534
1032575
1014300
1084382
1184837
1289600
1348213
1160391
1365892
1029767
1314307
1038902
1213057
1016839
1425249
1051558
1043324
1025868
1387525
1051828
1206344
1387526
1387527
1387523
1387528
1158861
1036923
1098533
1037053
1025510
1012794
1048388
1022570
1022627
1025198
1036489
1152465
1036700
1054222
1062890
1218648
1031844
1016674
1003482
1017919
1040545
1091104
1055274
1127690
1000259
1394787
1394788
1191020
1154321
1094520
1054335
1103031
1067629
1407191
1335929
1347598
1113196
1169793
1142755
1247100
1014305
1194783
1191048
1197717
1090319
1080433
1166472
1083476
1027244
1178277
1046142
1027772
1272356
1234977
1205938
1212540
1188892
1323799
1018355
1300235
1074062
1000889
1130170
1316786
1142512
1370702
1370703
1370704
1370705
1345183
1370706
1092568
1370707
1015633
1275733
1315155
1320978
1021281
1343624
1045093
1027138
1010532
1040513
1112637
1041148
1049882
1087216
1165462
1368948
1368949
1368950
1042019
1368951
1110175
1054432
1018985
1022840
1280258
1077481
1055710
1023040
1050265
1011479
1020487
1028801
1275230
1275232
1275236
1275234
1275235
1275239
1275231
1275237
1275238
1275233
1317383
1373062
1317248
1041024
1410860
1279265
1285555
1041016
1000048
1049668
1009378
1000156
1018327
1146510
1103776
1053583
1365446
1365445
1004600
1049641
1013790
1277959
1048281
1036712
1054351
1000491
1332377
1019268
1319250
1340685
1339548
1361810
1361811
1212721
1361812
1361814
1025131
1027514
1368512
1049607
1320169
1041153
1027848
1272004
1322602
1363752
1098483
1332370
1368364
1228171
1374784
1394541
1294499
1207233
1370137
1353102
1273314
1205595
1034295
1035084
1021999
1053618
1026454
1037851
1007401
1274497
1274884
1033846
1274255
1275964
1275547
1275965
1275973
1275967
1275961
1275968
1313245
1313061
1295449
1054391
1013759
1017888
1044709
1044716
1313064
1313065
1013808
1013797
1174693
1313062
1275017
1370425
1370411
1041009
1036383
1056068
1329603
1077191
1014115
1383503
1009632
1077918
1133060
1263061
1122108
1031917
1309727
1384451
1134178
1009958
1383505
1384452
1010603
1383504
1041000
1003481
1036377
1006998
1312859
1312747
1040780
1040740
1021985
1018058
1313058
1123828
1153233
1313059
1058032
1313060
1137328
1093303
1328704
1385860
1084575
1317270
1352765
1324596
1033753
1314836
1331098
1274615
1023418
1054436
1016671
1006983
1103097
1013899
1161012
1008070
1022596
1022581
1040825
1049557
1070860
1056199
1080668
1291478
1127637
1324622
1128861
1161751
1068584
1157556
1019304
1140847
1016757
1041380
1005319
1308818
1276088
1186926
1383870
1359175
1359177
1044993
1054446
1040984
1007130
1041415
1014632
1259751
1016784
1121622
1002709
1035656
1022732
1161198
1048260
1031950
1031958
1161250
1012584
1017916
1044931
1102043
1056887
1371554
1124002
1214339
1082477
1313115
1125641
1009385
1002710
1037093
1072471
1040824
1194878
1006994
1022694
1018396
1214186
1063900
1192117
1000078
1036782
1337819
1009446
1099741
1217475
1031812
1433015
1181148
1326125
1050084
1041462
1145610
1302280
1309893
1309878
1141625
1045007
1346147
1231258
1432697
1248726
1193569
1171496
1036662
1010545
1379169
1406427
1228545
1321106
1071361
1406428
1406429
1406430
1150369
1406431
1000788
1408234
1405785
1160244
1050517
1392831
1018627
1369577
1389734
1391091
1148744
1029175
1214567
1352771
1330957
1151972
1239387
1403831
1400847
1274246
1003495
1314861
1315882
1275475
1054531
1184296
1346322
1299674
1009405
1000008
1187874
1045284
1000400
1027299
1274374
1319973
1316120
1319284
1350312
1150548
1343731
1341066
1265872
1312682
1164685
1341605
1337214
1374268
1218902
1077337
1344467
1341604
1345265
1332710
1262918
1150943
1054154
1027454
1036882
1281902
1319984
1327757
1134526
1319267
1094629
1394743
1125121
1130099
1329437
1142715
1295760
1048135
1000638
1058907
1122497
1187537
1113912
1167226
1164809
1025263
1166222
1048203
1163810
1053564
1002676
1031848
1031912
1041112
1287151
1101200
1057231
1157541
1009527
1080248
1102459
1009340
1112005
1289360
1125236
1145663
1081644
1028832
1067651
1115167
1095746
1037024
1164655
1077989
1156633
1292173
1050503
1102416
1069270
1296038
1075120
1157301
1114521
1066340
1296180
1041384
1155461
1059676
1152599
1047973
1027810
1036346
1006992
1049692
1056126
1018015
1087302
1093941
1279260
1001404
1010884
1050210
1220507
1289597
1317872
1318339
1023337
1005438
1045797
1025558
1387991
1387988
1020440
1019745
1038066
1184188
1387989
1025938
1044872
1204197
1002665
1010539
1035676
1022004
1054508
1006964
1009269
1040679
1055073
1036397
1025109
1048131
1003483
1274453
1000705
1313595
1274616
1275292
1313694
1312156
1322632
1052665
1314769
1317244
1015047
1275147
1021967
1025197
1019049
1040612
1004586
1027653
1048266
1223320
1014166
1027634
1032592
1318816
1177345
1018334
1235160
1315530
1010314
1032655
1120679
1363361
1281320
1307771
1216754
1010747
1363362
1013967
1082729
1291164
1023609
1363363
1373697
1037464
1348665
1363364
1274839
1025141
1044964
1045243
1029349
1322666
1317617
1317685
1025476
1309922
1001393
1331832
1275301
1014332
1320879
1275474
1274775
1360590
1018812
1054303
1002724
1000577
1033341
1033054
1032113
1317274
1011009
1276062
1317532
1317531
1317262
1320452
1373334
1335611
1381697
1328840
1339794
1339694
1331104
1351949
1378853
1371638
1032384
1373004
1049890
1014598
1014625
1045297
1191737
1288524
1027283
1322998
1037427
1336257
1199214
1176201
1297085
1197932
1197517
1014029
1032122
1040521
1010571
1036357
1343015
1099323
1049520
1124343
1009317
1155567
1009276
1048233
1077081
1025219
1054420
1049595
1022647
1018433
1157457
1121455
1025352
1343777
1343778
1148138
1366907
1372457
1372458
1372459
1258494
1373292
1373293
1373295
1373294
1037497
1027194
1332866
1071016
1048189
1077066
1337511
1031892
1232991
1259964
1024056
1120309
1335878
1022656
1322230
1032169
1322231
1040796
1322232
1388590
1388599
1388600
1388601
1013845
1142361
1325465
1036973
1322233
1275038
1316677
1274687
1010691
1054449
1031218
1048218
1136113
1167913
1137578
1051108
1069855
1079868
1066911
1325990
1036917
1053573
1013866
1006989
1109510
1328813
1125180
1131482
1001586
1341002
1297274
1072486
1082999
1102991
1036329
1004616
1074908
1013812
1044877
1036400
1002739
1040579
1274962
1025179
1012478
1044997
1071733
1312547
1351872
1346367
1056635
1041371
1034232
1003780
1388024
1331421
1274900
1317083
1331422
1005531
1331423
1331424
1315792
1331425
1276014
1043190
1331426
1233386
1016156
1275245
1035651
1027367
1004773
1025208
1275586
1341650
1163658
1080381
1148641
1336703
1275648
1328577
1167057
1150055
1023118
1369446
1369453
1369442
1350487
1369443
1369444
1100751
1369445
1314787
1369447
1321149
1336704
1330509
1349765
1313837
1276085
1312976
1322072
1275510
1317520
1322085
1391651
1274298
1274530
1319163
1396851
1396800
1396458
1396812
1396885
1045236
1040529
1037165
1332097
1337941
1162359
1098890
1182014
1014683
1041025
1074277
1002760
1027967
1002815
1032232
1066658
1123462
1028844
1045576
1015178
1336326
1015294
1314928
1329322
1331233
1374616
1006012
1040476
1419459
1008572
1013105
1004525
1025715
1046231
1048682
1079841
1002989
1036235
1175975
1321014
1033524
1406230
1092752
1029621
1399549
1019468
1026408
1013894
1002689
1010588
1004598
1048180
1049681
1036434
1095152
1019063
1036709
1138535
1087428
1048361
1192159
1090417
1397428
1292702
1138759
1162853
1370260
1315493
1145461
1303617
1281196
1335966
1362754
1349888
1109822
1049586
1044903
1344763
1049517
1268856
1310841
1044961
1017899
1329521
1171311
1406556
1050406
1337581
1336562
1391967
1367208
1173535
1089672
1357520
1367758
1013701
1006353
1355308
1035417
1392814
1402984
1004676
1340070
1394068
1199375
1286490
1000220
1389184
1093235
1319339
1058736
1113223
1094162
1154945
1014400
1167754
1027178
1286283
1127084
1022914
1157510
1220632
1253943
1037372
1023732
1028834
1006261
1059553
1006090
1006316
1039156
1001859
1241686
1265083
1275713
1056058
1116510
1013867
1092804
1014276
1047985
1337120
1315528
1313614
1319147
1062019
1129032
1036528
1132814
1155960
1166671
1331712
1081837
1359743
1061796
1027505
1208157
1322852
1005936
1058140
1074663
1101378
1365115
1220956
1010318
1344847
1194503
1223300
1089255
1085444
1241776
1284416
1201628
1236059
1033778
1222747
1187371
1028798
1169262
1249185
1357960
1339456
1274299
1274336
1006187
1332733
1052900
1020236
1026435
1048550
1026134
1324023
1380267
1016451
1046346
1065281
1146629
1143398
1057639
1000376
1150794
1351162
1200987
1401208
1382980
1350099
1151223
1124008
1141859
1297538
1391537
1167904
1022918
1049716
1009364
1107884
1036342
1027172
1041137
1032025
1040784
1027421
1192504
1126033
1150928
1187436
1306452
1394740
1202515
1327062
1172342
1286442
1098761
1361778
1425375
1054423
1328462
1015070
1051557
1072112
1321432
1093373
1038880
1020904
1426736
1052134
1054521
1041179
1000095
1013817
1010612
1054892
1027897
1074035
1099030
1343305
1048222
1343306
1014040
1390795
1083603
1330490
1000635
1390797
1150160
1000721
1333685
1351483
1016801
1051412
1015339
1042740
1008527
1035163
1044548
1043649
1288263
1025195
1047880
1036328
1007014
1048166
1130124
1319097
1162124
1166193
1286238
1074569
1342231
1350633
1392176
1344856
1319526
1388413
1316935
1089373
1301979
1325019
1230894
1032493
1017898
1031893
1093841
1049562
1049519
1019054
1284753
1040769
1065559
1153427
1331648
1325029
1358964
1023718
1339540
1280584
1314075
1316064
1378408
1322561
1359267
1316086
1326351
1339114
1348866
1388849
1389309
1378952
1002915
1348511
1025560
1042168
1023352
1034660
1324438
1244156
1403007
1398612
1028761
1304876
1050240
1005110
1274267
1229775
1314402
1274279
1283563
1202926
1301574
1275554
1314248
1274936
1322073
1319710
1333924
1321155
1364721
1315887
1315769
1314340
1315766
1315931
1051866
1015180
1315891
1325713
1378864
1316759
1331105
1023888
1094143
1022632
1045775
1259070
1005301
1338625
1010007
1054518
1004860
1022733
1142111
1077480
1330182
1018139
1330183
1116502
1007192
1128740
1032852
1032335
1330184
1279799
1028511
1370586
1005208
1056899
1091040
1375735
1375736
1375737
1375740
1375738
1375739
1282165
1049515
1150089
1041144
1017902
1049742
1343584
1053615
1031874
1056172
1204579
1345702
1097757
1027333
1057634
1350745
1031815
1348620
1297717
1050664
1211064
1398646
1009306
1150903
1345201
1078660
1171076
1345200
1345199
1319474
1098690
1095620
1115113
1123147
1223983
1351349
1007209
1253038
1009563
1118207
1123172
1185346
1259619
1146696
1031801
1027846
1041008
1066615
1076076
1225637
1334661
1117237
1218276
1045020
1390120
1315309
1331563
1318246
1018008
1044868
1103513
1036510
1186235
1005541
1280762
1313733
1038227
1043441
1293033
1054527
1013785
1035642
1083562
1019089
1040671
1290465
1185407
1192472
1305085
1304356
1224044
1014405
1018330
1000057
1275745
1393813
1411924
1395545
1411925
1411926
1411927
1411928
1411929
1411930
1274350
1393710
1393711
1052447
1009895
1170136
1314939
1352222
1042089
1042111
1324028
1041082
1046132
1015199
1274576
1274429
1314489
1054562
1274389
1343079
1315408
1360254
1325761
1313276
1321934
1274978
1315179
1322647
1450740
1319989
1109907
1045142
1051046
1327932
1319357
1381050
1019425
1213426
1180723
1213408
1373557
1317324
1219054
1038783
1349844
1395341
1331784
1427522
1047052
1193421
1334227
1324398
1429984
1334815
1099400
1027270
1018039
1059818
1117551
1019107
1146191
1054248
1055155
1063799
1100034
1059500
1145522
1117478
1054381
1036335
1117998
1155351
1127336
1056195
1063538
1072296
1022895
1082331
1091047
1099829
1036337
1110612
1110243
1123020
1116162
1125117
1126658
1126457
1134616
1003751
1126593
1042769
1163554
1313103
1313104
1275794
1041011
1313263
1326399
1320220
1329024
1002695
1036385
1041143
1055331
1006987
1007173
1073100
1009798
1019125
1014254
1304615
1017831
1350825
1049635
1313213
1054290
1383897
1187105
1350832
1139135
1350831
1023457
1369332
1027883
1004858
1037015
1275041
1025138
1010556
1032036
1025144
1040982
1054384
1274886
1317871
1009283
1336328
1345018
1018190
1184769
1051117
1148266
1414862
1414863
1115327
1072769
1414864
1414865
1041627
1029936
1109341
1297794
1057915
1029662
1336924
1069657
1100600
1033422
1331029
1121943
1316428
1339111
1339940
1313481
1021831
1312999
1313295
1313292
1359094
1313294
1290005
1293207
1318513
1359084
1369080
1415108
1430556
1430555
1313778
1357073
1359085
1315282
1371879
1430553
1430554
1416035
1370652
1430558
1430557
1430551
1401495
1411731
1430552
1275118
1370817
1054416
1006974
1131634
1314061
1010581
1041449
1274346
1313798
1301179
1326533
1325313
1327473
1185866
1027347
1056046
1018991
1036341
1279533
1234202
1022750
1229502
1244315
1237039
1262105
1341732
1334194
1074257
1022951
1349633
1027965
1055500
1049761
1025183
1336418
1049719
1014024
1007005
1027825
1036421
1014324
1005619
1009569
1080812
1076248
1137556
1280664
1054282
1313719
1289306
1275456
1301332
1033402
1359966
1000247
1360719
1360716
1360723
1360717
1211659
1360718
1360720
1360721
1360722
1344430
1007205
1028596
1340874
1377994
1377995
1100644
1009648
1092541
1319466
1025194
1033090
1165667
1221295
1369028
1383611
1383612
1014178
1040580
1315253
1325899
1347723
1339675
1049663
1320506
1032466
1252378
1237561
1344851
1365679
1328316
1365680
1365681
1120945
1368728
1368729
1276426
1368730
1027989
1308171
1123746
1150551
1119424
1127761
1348657
1041021
1017918
1004602
1000106
1028557
1165269
1082431
1276646
1102911
1022835
1085353
1032632
1387771
1010537
1025174
1027811
1013803
1036366
1277094
1326994
1391145
1252122
1331638
1331639
1110561
1037830
1313012
1342578
1299572
1353514
1353515
1322175
1322205
1343668
1325012
1318164
1343349
1339692
1382568
1381298
1378242
1364518
1036395
1018986
1036326
1013775
1017897
1027191
1025189
1017996
1065488
1054623
1116620
1009699
1129889
1067846
1098430
1096443
1091448
1054385
1048197
1013957
1010665
1041205
1055580
1067393
1161909
1149384
1129284
1019182
1070608
1037023
1275715
1008125
1008091
1121285
1316612
1023521
1338257
1035672
1032104
1009327
1019062
1100150
1025213
1366208
1132232
1045227
1009704
1032454
1036440
1010561
1025202
1049492
1274500
1013851
1049809
1022713
1002720
1286677
1018290
1032430
1274689
1036940
1353205
1327523
1018373
1342405
1343010
1151824
1000085
1320877
1056173
1343120
1343115
1343121
1070754
1054532
1335870
1356120
1349857
1335915
1370143
1036380
1368154
1384399
1384409
1384420
1384419
1384421
1384424
1384425
1332604
1384388
1198437
1330970
1201621
1384422
1295266
1038632
1054646
1384423
1297540
1017019
1028800
1169513
1033903
1157812
1327138
1221683
1394846
1025717
1254830
1421084
1103988
1145025
1003138
1419092
1156488
1031864
1010555
1048158
1010625
1048134
1025251
1031913
1018150
1013951
1365278
1071822
1365279
1049735
1036813
1028058
1027206
1050474
1075680
1099753
1365285
1002784
1315279
1086881
1086016
1365288
1057182
1319317
1365280
1281455
1082829
1365284
1365286
1111372
1328268
1365287
1365282
1143955
1365283
1087653
1365281
1310636
1300949
1341962
1036460
1000068
1312985
1171207
1027238
1027495
1344524